2 0
3 9.72824e-14
4 1.17331e-13
5 6.33359e-12
6 1.04299e-12
7 6.71646e-14
8 5.3042e-13
9 2.14714e-12
10 1.56408e-12
11 2.03794e-11
12 7.33977e-12
13 6.31914e-13
14 8.81018e-13
15 1.69471e-12
16 2.10201e-12
17 8.81306e-13
18 8.51163e-13
19 5.07462e-13
20 3.35003e-12
21 5.7111e-12
22 3.463e-12
23 5.92725e-12
24 1.59621e-11
25 3.5936e-11
26 4.04238e-11
27 2.72877e-12
28 2.75257e-10
29 5.34209e-12
30 2.96035e-12
31 3.01527e-12
32 2.14994e-12
33 3.29609e-10
34 3.09709e-12
35 1.74111e-11
36 2.32265e-12
37 6.50264e-12
38 1.09887e-11
39 5.91661e-11
40 2.68399e-12
41 5.26671e-11
42 4.22737e-11
43 2.52105e-10
44 6.81927e-12
45 1.0552e-11
46 4.93874e-12
47 3.46846e-11
48 8.1883e-11
49 1.33439e-11
50 3.63999e-11
51 4.74849e-10
52 1.60799e-10
53 4.41175e-11
54 5.69644e-10
55 5.33434e-11
56 1.04954e-11
57 3.98124e-11
58 5.95565e-12
59 7.21285e-12
60 1.48132e-11
61 2.69755e-11
62 2.08749e-11
63 4.33479e-12
64 4.94614e-11
65 9.50801e-12
66 3.52163e-11
67 4.5313e-11
68 6.17484e-11
69 6.10807e-11
70 3.01435e-12
71 7.12405e-11
72 3.27949e-11
73 7.96439e-12
74 5.23469e-11
75 7.05778e-11
76 2.08449e-11
77 3.11471e-11
78 7.29637e-12
79 1.10009e-11
80 4.37075e-10
81 4.35377e-11
82 2.47244e-09
83 4.89094e-11
84 1.90045e-09
85 1.51532e-11
86 2.03205e-11
87 1.49662e-10
88 1.52162e-10
89 6.84579e-11
90 4.62598e-11
91 1.94704e-09
92 3.04865e-10
93 3.22077e-10
94 2.5822e-10
95 1.44399e-10
96 8.49514e-11
97 1.78494e-11
98 1.85232e-10
99 5.00426e-10
100 3.93571e-10
